30458840
31046750
46504042
62689793
77012250
99467650
123343920
181782082
182563991
241881067
252409895
304697021
327793692
372390458
389586180
392704824
459246874
502446133
576781038
587522066
601029755
787488067
1145601060
1252965943
1328113068
2886595444
3024892385
3161699157
3240998492
3886541534
4410501136
4437180073
4725731773
4805367912
4872202168
1325955943566364
702650304513368065
703343282387095553
706785201607675904
712139540274614272
717914842481500160
728229632714100736
731483760563257344
741984904041267202
751639470529798144
752831918513631233
761519106176593921
761792840167022592
766675081577635841
777196689652232192
780318123090063360
781488608590991360
795487382095204352
796441410069266449
797441671487098880
803877035693264897
804910172934205440
806986444602490881
807598862311493632
813142594964385793
814850179710992384
816039689127739392
818126854091485184
819242596572610560
819770373537406976
820888747030016000
821101105757163524
822864222266818561
827401348299624450
827480772932227072
827490970338000896
827684316582928384
827742815471955968
827818941972115456
828104329257185284
828412471912329217
828855385591123968
830046351807373312
832359419203768320
832422851005313024
834561812607627264
834597469207924736
835328961047453696
841265713130176514
843283355638661120
843665787143573504
843891448915398658
845754565999972354
846227403978420225
846231159767916546
846286971735621633
847356759270277125
847618730485927937
847625197293154305
847645493052162049
847645669867126788
847659164708913153
847675510926622723
847678252038541312
847710049690460166
847720091085021186
847732222446542848
847751023401644033
847761800099581952
847765769895018496
847804409044099074
847853719484071937
847863014200135681
847888633113784320
847896097221623808
847900478012665856
847927873579220997
847947128160649216
847967575283728385
847970457026416641
847970588773818368
847981406991114241
847983213574225920
847984597870583809
847987449712312325
848001975660814336
848004257299271681
848006006931988480
848007713024073728
848009443094667264
848013886145961984
848037839098986496
848040384039067648
848046061608292352
848053471731253248
848064887309959169
848126853546033153
848143645408727047
848182634228441088
848196242429685761
848227845621108736
848237023039283200
848238007987703808
848240593998237698
848280702315581441
848300648277868546
848302218633543680
848344916472115200
848371669231992832
848373904020312065
848406182284886016
848417567517458434
848420004290625539
848421539771027456
848574024258998272
848585955657347072
848625497768468480
848630478924128256
848710129851781125
848742108034850816
848746610267791360
848749151663792129
848968444464812033
849058824266936320
849086159250739202
849149534361968640
849279726472617984
849282441630146561
849541771940044802
849653480377733120
849659695862353920
849673902519443460
849719355717890049
849735492459311104
849836820942684162
849869409069842432
850078397422198784
850165175038525441
850705664305487872
851416081583550465
851550846735331330
851624162472869888
853041340623368192
853302116252864512
853891309375037441
853974193695838208
854018002559410178
854141744555806721
854166718452609024
854198209249411072
854247876893057024
854430136778862594
854432953484681217
854515109032603648
854602334193766400
854810311144218626
854850591402713088
854869218587574272
855128849423765504
855237562717224961
855498940514418688
855615260467900416
855656246552219648
855826472145178624
855878679834046469
856311059283677185
856319643362971648
856523968555216897
856650448610222081
856881648880812033
856926855214972928
857321147293151234
857400234946818048
857513696620191744
857616021108207616
858155175139090432
858174128150388736
858850945148604421
859129913063952385
859165976423747587
859242179612495872
859283587077738496
859534816492093440
859578587669819393
859634322369916928
860111960641347585
860269595768365060
860860779809165312
861262298660298752
861719023318446080
861818257321455617
861911859447967745
861993214265393152
862234525040087040
862401089911615489
862687759881957376
862717958174515201
862786536726814727
863075949436436480
863439245704175617
863448696238874624
863730391580114945
864173547714990080
864254306173812737
864299780364783616
864814869526310912
864841293339512832
865030358680522752
865936712614203393
866039154005684224
866874705298444288
868222639512223744
868645640485703681
868677082829778944
869259094716063744
869646122205286400
869729696258371584
869895177200173057
870035611436056576
870579208443002881
871480010288369667
871561257702141952
871839632513806336
872838429637320704
872900503385939968
873333962646601731
873556752566030336
873667228759142402
873754644903641089
874997883568873474
875174088347537408
875319656717930496
876442847691538432
877020439935148032
877529140181839873
879102019000311809
879158440395849728
879537891541745664
879636787563331584
879722802881990656
879728950422982658
880772838482780160
881098553195601920
881598380396466176
882045980530671616
883140987345874944
883573988080930816
884798137835106304
885265724163457026
885360095944691712
885456852183650304
886301489282465792
887143313580732416
888441899891146752
888609790188040193
889649876673470466
889671039185235969
890640350435565569
891671500260069376
891674230928146432
891780043520712704
892379002903699456
892579816951730176
893214285547130880
893559888365797376
894300389356580864
894304515054239744
894735041493970944
894953008659701760
896562774779846658
896801871079383040
897279041308327936
897482931257692162
897847668856291328
897911496134492166
897941021555924992
897954452157681700
898403119502983168
898653322562981888
899078999472787457
899133550804348928
899190442490683392
899266214760939521
899381845514694656
899472555068669952
899588748693864448
899621345843171328
899628329996890113
900045181264642048
900058631160320000
900062656194727936
900190190433558528
900386414126284800
900504494835879936
900507119925047296
900526485336993792
900556461679489024
900556562607087616
900560269507735556
900571614831575044
900589371610415104
900595446976057347
900808158381309952
900817808216518656
900898004672098304
900910877272145921
901040296921899008
901085200662147074
901093416267911174
901158648990371840
901261941599080448
901265358543310848
901673291550605312
901881696018149376
901914653751742466
902015779155177472
902145406984794114
902156160945573890
902215130460688385
902258888971509761
902269246188789760
902287482095632384
902388129784635392
902416453139234816
902621665384849408
902638758989893632
902693313479933952
902803099957506048
902823644921024512
902860254303674369
902971159209062401
902977397099831296
903084194829565953
903257734405132289
903349847738257408
903386396013891584
903442602904641536
903598607445712896
903734500349194240
903751072124198912
903753419508203520
903779702573219840
904229658073464834
904235401895960576
904381809558999040
904462978652803073
904510218951770112
904607004013895680
904688650046320640
904748109951115264
904772755345752066
904806276051423237
904965845394345985
905157721107738624
905668266940440577
905983281283432448
906205660672663553
906576066315255808
906916203016413185
906940496798474240
908363242279333888
908449305928830976
908520493413625856
908546119344447490
908687679293968385
909401903586570240
909592904598921216
909886265742577664
910341574428471296
910673270361481217
911596648270360576
911955276776955905
912140722588966912
912752515187396608
913124706026270720
913475001269047299
913539061146558465
913549921755828224
914309969436119040
914647870736883712
915410902618386432
915827041139904513
918820153764270081
918956832550522881
920458746240921601
920819446557696000
920959058995113985
921217603887972353
921903733197426689
922415411840389120
922469230339149826
924347641126948865
925275426058113024
925548176945250304
926620198269894656
927863990176317441
927978051601944576
928010490034507776
929151418329649153
930663759751852032
930848259861598209
931092741605548032
931866701658025985
932231170372358145
932380684789911552
932461086271516672
932717782894088192
936637308480077824
938456024993992705
938926768332840960
940613263783444481
940648790050172929
941689547691237376
946204935485452289
946545904034697216
952274270842966021
953035732230311936
953341314925584384
954344158113644544
954384632740376576
957999383513100289
958381678296215554
959638707031621632
961072719763619840
963657463399632898
964330332320358401
965020000451944449
965924233443512320
966410378736537601
966447393393840130
966464199462440960
966703172650766337
967048458765873152
967158101811105792
967872013044916225
967909935529967616
968795887626579968
971225409332305921
971544312340238337
980220673913110528
982863405861060609
985306649488510976
986037559850668035
986645874674552833
986656049527533573
987082795368394753
987484464438628352
989509892703768581
991478895839924225
994616557421592576
994790512535261185
996026295132794882
996083964841480193
997268372155875330
997550847964991488
997773471001309190
998324722155712512
998692052287283200
1001251817630650368
1001356331318743041
1001543659555192832
1006225190500499457
1007302491820552193
1007658838424735744
1010569883719995393
1012921731302871041
1013912818024792064
1013925233726652418
1013928683655041035
1015413098465976320
1015414351338057728
1015995727212769280
1016415800801071107
1017150047329193984
1018253236828962816
1019942010000674819
1020080264435904516
1022200189946187776
1023547578959491073
1026981682237198336
1027657607257841664
1028201152007950336
1028376814899679232
1030264962558648321
1030340891838271488
1032649284351606784
1039979324298878976
1042267471820972033
1047885728401768448
1048245788386705408
1050588204057866242
1052623700225417221
1054137763543609345
1054441359308816384
1055273311540834304
1055457608356716544
1055979804997107712
1056368950190202880
1057107151498313728
1057444733662818304
1060677324570611712
1060717353267290113
1064544756041244672
1064673919976660992
1067144398545276928
1067183238513389568
1068365303380291584
1070348929416359937
1079964066314051585
1082675175584354304
1084535057568608256
1088174231748337676
1088884365856256000
1103644907179110401
1109251660214263808
1111447447450976256
1119277605902012416
1122569758849863680
1143316962694639616
1143503449981685761
1147298711564779522
1150131830148018179
1150496599954640897
1151602756475596806
1152696064287358977
1156094425719660544
1162262225165287424
1162760557692428288
1162770680976252928
1162964928229203968
1164307332869832711
1164774877074608129
1165000400791048194
1166186630861840384
1169344502898671616
1177025845107412992
1177990115018317825
1178662426335559681
1180773732111048704
1182381602611040256
1186364533058596864
1187697893785755648
1198702207870234624
1203824977016840193
1204214253953191937
1211014150643568640
1211305786313306114
1211603399629660160
1211797285455032320
1217201583034732546
1217236702173057026
1218574323096514562
1219032824092577792
1219130611887153155
1219264148342599680
1219304514714390528
1222803533747060736
1242873845419315201
1246024730441682944
1248073898412793858
1266786577507684353
1266984389591724032
1267139011430068225
1268228900934451200
1270499877911478272
1270934305951428608
1271473839965302784
1273724587801563138
1283196613322608640
1286710058261323776
1295734882644131841
1295776251207200769
1304520055649169409
1314513433404993536
1325955943566364672
1328857860793483264
1351859354824187904
1378475917060751361
1386757788106248194
1386757788106248200
1396881777843650560
1397322508907524098
1408472407187374080
1411972061283635202
1416276371316174848
1417751560944295938
1418768151706284035
1422608516649455616
1444146572514656259
1446316449597902850
1454497499637555212
1457717140442816517
1457776671533244416
1461753210079694849
1472034706451361795
1473124213053706246
1473765774800134146
1476709661889941510
1478195591125606403
1487195229769846797
1489653888391262215
1491518873455190021
1492676056758767619
1499276083505553411
1519502465082798081
1520245642689458176
1527758909968195584
1530015262249984009
1534363839852122112
1541197658823565314
