516983
1235671
8349572
9713662
14832751
15321300
15839927
16508429
16547529
17110880
17121606
17839813
18746752
19058833
19091173
19820248
20971071
21124559
21614780
22055094
22239031
22736370
22946720
24867830
25374052
25394905
26448815
26649679
27767395
28165505
28414936
29224525
30080011
31047836
31194789
31700619
33936454
34194372
34443952
35898358
36502274
36714254
37532718
39193045
43426483
43443938
44204893
45267962
46040683
47006379
47521635
47639328
49464220
49702710
49993579
50434933
52021469
52579363
52841530
55381997
56413296
57441414
62719488
63995798
64260341
66619040
67838016
68297127
70709964
71112260
71336038
72443163
76536608
77038947
77179044
77241120
77395535
79173051
79245519
82273164
83307582
84221722
86377668
86387209
87721537
87735760
89560945
94432377
95092020
95417282
104179087
105551400
106224818
106863668
108430402
118234297
124819361
130281811
135088849
147666815
147855564
148055362
153125912
158145025
161530543
164841618
164941110
174683485
177640185
178307996
179151331
182503655
187023976
188901820
191503122
191607895
192178042
193782508
195290899
196800537
197246918
199913704
201896891
207416874
208343527
210424042
210464375
219827569
228537055
242966867
248287123
248994056
252398355
254851333
257177650
258570737
258872906
260834188
269133391
273982856
277536867
278888009
286967826
290270229
293946237
295971993
308702336
310965182
312949799
313774045
316649575
324993368
325624033
338564229
339220405
345776925
346063582
352489649
353327762
367962727
368109551
369542727
375719550
380620515
381235116
383040794
387916191
388506123
391674308
397792123
402147298
404973438
405260882
409453389
410787251
415068850
418387934
419256614
420506277
432566759
439441079
443164384
444435561
451292765
454631784
455958732
465800919
469029915
469825205
474741604
475430001
490686737
505060645
506691164
521433174
526021684
529246219
531093989
531480002
531920011
532521855
532931730
534186237
543297209
550436101
553844990
573053124
573844375
585307149
586151607
594124188
594237245
597311581
598446534
601475372
624101461
633530038
715433952
721405471
724774772
755387431
810239874
855388520
858511867
860620579
867085962
871196119
885697352
886089968
898428583
904740906
904834946
910925869
917783852
936029426
956658264
969329197
994297916
1000576584
1006877197
1023677060
1031945989
1054346594
1115977357
1137870054
1172271044
1188536304
1198586353
1242506100
1244355289
1272369223
1278585428
1289557423
1323298081
1337127841
1366615364
1375387735
1380820466
1380973591
1382440363
1408886100
1440219163
1445573844
1494256286
1496309610
1500129642
1671930314
1671942368
1694664540
1706137237
1716268464
1751771238
1921451119
1932040447
1939297748
1941481440
1942051994
1947904508
1966630022
1973221340
2150149309
2153902885
2157729438
2231742774
2239798520
2306228621
2311077186
2314934413
2319549492
2327400218
2349753061
2354250638
2365246632
2370110422
2384220378
2398291369
2406082098
2426114875
2428045703
2437346347
2441074273
2465048881
2484621954
2514072728
2516781432
2532041972
2586990690
2612395981
2655786271
2660479274
2675509363
2701846855
2750411127
2753725927
2770561151
2840553690
2853904843
2869132202
2904308650
2909348840
2909667702
2949711899
2959236145
2967281592
2967576042
2990494378
2998913886
3001946454
3002684195
3018712742
3023047993
3060780914
3092167631
3093737787
3139253628
3140757301
3141231484
3145268550
3161916320
3161932205
3188700966
3193112487
3195339001
3254089304
3255091268
3260466776
3286834800
3290726736
3297219753
3304401678
3304434824
3315583465
3376753992
3382466578
3476958372
3506304140
3730194326
3762367398
3819921554
3870686786
3882453733
3893966267
3905684355
4007818339
4055248720
4075124773
4100466143
4130050759
4131171560
4181538974
4193085794
4379454734
4476804312
4485463047
4673993936
4715008544
4731610586
4731651800
4749673088
4764303470
4770955212
4776837274
4801483693
4838494711
4846592424
4852741342
4854336638
4870246949
4898456101
4903742989
4913788273
701896075938963457
703338169119289344
703821547182493696
704849854745346048
705616284625403905
705921261000486912
707543656832471040
708118382193676289
712139256945254400
713839452863537152
715517562352603137
715691040003338241
718890493602435072
721366481213128705
722306412966096897
725842142233391104
727198780123058176
727239208486608896
729108629849186304
733682585377898496
734141199833956352
737637492615188482
737855209481883648
740056491667787779
741333734079660038
744809905912061952
744979077925208065
745408683908096002
746442971168411648
748051896783474688
748569488346353664
750715012411383808
751078087060779008
752605308296454144
752984680765329408
753462255023456256
753944779596046336
755151432618127360
759233813172068353
775489240171851776
776846315649134593
779037513033797632
781448362633539588
782266299304914944
782533501195202560
782702077331976193
783420214767595523
783637872054145024
792916940117409792
793684898716450816
793984839196221440
797460614335578113
797968389549461504
800502095614906373
802193972882014208
809630889303048192
810671302650564608
814167999288471552
817326082646949888
818620706929811457
825577230759759872
827378761368604673
828689951357218816
830082175374618624
830923132043218953
831182710613766144
831224165906591744
831569766229934080
833383075824357376
839518184193470464
843959975432994817
845865030163742720
849825430727041024
861339257289326592
861390819743469568
862534821813174273
863051917672435712
868164008414785536
871042663008444416
871169964618653696
873552560187224065
875948350985588737
881529462604431360
882645422333976576
883606041459556352
884141297061081088
885921400451497984
889017390918283264
892865491324325888
893267746602991617
893775054902665216
896396707612827649
898927756104413185
900805346784149507
901126590117011456
904136300323680256
907661115424890880
910896006895591425
911398618749456384
911654283438784512
912826574621229056
914167597330862081
914597566737731584
914678253897609216
921138701396213762
923345477055127552
929072042875293696
931558073352593409
932063597403963393
933498508111257600
935919194188800000
936257676027183105
939600814858960896
941729680381550592
941795448821444608
942918284013330432
943221282601975808
946162845678428161
948871993734062080
950231556790018048
950297869277278208
950979348969828352
951920660170903552
954551442244714496
955208799710662656
957694423881494528
958574885583933440
960200782984261632
960924476639621122
961143380037242881
961393161959456770
963255427755462656
963309286284705792
963924035707928578
964620712928428032
965451112395415552
967092221664165888
968692088534642688
968979973494190081
976164066040332289
978448203271032841
979256950037807104
980182738450960385
981898136917491712
984144285846179843
987349034850451457
992297541134835713
993950150098935808
994078751712600064
994564617736261637
1003515600985964545
1004741701552963584
1005938977667289088
1008210883191771136
1017135448269864960
1020346707802902528
1022348813049032704
1024479532240314369
1024700728625909760
1024830703370989568
1025410166483832833
1025615726294384640
1026988932121018368
1028467811528597504
1029587993512824832
1033145219519135744
1037791086410752000
1038425403839279104
1041906011450175488
1042832209218953217
1043576828726796289
1045395997751304192
1045548387100110848
1045714574782095361
1045738633506877443
1046905498627276800
1047325226713800705
1048612479675248640
1048747461307711490
1048827740198060032
1049001073547984896
1049003721508573184
1049789436660133891
1049833573019074560
1050157307286306816
1051993144978366464
1053716505458692096
1054739154003734530
1057127371969646594
1058232792000028674
1058842275801907201
1059226771957067776
1060056678861889537
1060398160499986432
1062963941050015744
1066512352969863168
1066625859052662784
1067183234394406912
1068936956975837185
1070553945896976385
1072229523775737862
1072380177307467776
1072528496671387648
1073737923349135361
1075035699575971841
1076492628043157504
1079629794663325701
1081719290133442566
1082183905506033664
1084328715146817536
1085415646668697600
1085538870693900289
1085939091932307456
1086082931884417024
1086392399465570304
1089900627713511425
1089928453942435840
1090844440216854528
1091383796618784768
1092578762179235840
1093378528395984897
1094348057204801536
1095025358322098176
1097074278460203008
1097941976442318848
1098266345425244160
1101313431632674816
1103452131712028672
1103900554072223744
1106039923100999680
1106388187939631104
1106974406197370880
1108793997118443520
1109686956634456065
1110258595399168001
1110291259539648514
1113795464334155776
1114249663190712320
1114724940236840960
1114969543636541440
1115699822927826944
1116889509281460224
1117258422955589632
1117942867035443200
1120158374446809088
1120677699523973122
1121080207757025280
1123185042195406848
1124128570777800705
1125211046241636352
1126349091204526080
1127229945531502593
1131960012019052544
1131971915155890176
1133477262743891968
1135079223302021121
1137911269661523968
1139031247597035521
1139906451600580609
1140886117014622208
1141163948177285121
1141571073260978176
1142620696054386689
1144447385562570752
1146808898587955200
1147011737733885952
1147185538052419584
1147250500204552192
1147515641290584065
1148070898580123648
1148930560888201216
1149809872436809728
1150604668952727552
1151261138752950272
1151370179571404800
1151616150557679616
1151716626036920320
1151846219888484352
1153860984999567365
1154969135492685824
1156355783518351360
1156793957507989505
1156816798806769664
1157156387224346625
1158234681856294912
1158258465363509254
1159222889515606016
1159274017527881728
1159596833116741632
1160248407073492993
1160785782245736448
1160837870338400256
1160956537063366657
1162578364105920512
1162601777558147072
1163151877820899329
1163861682017505280
1164023907747340288
1164090592608915457
1164218915200757761
1164627230342799360
1165109469803679744
1166164631166914560
1166430087731744769
1167300363667460097
1168609504189014016
1168955960771174400
1170566206287437825
1170799132807589889
1171107619508867072
1171451628454580224
1171859785282654208
1172086334229372928
1172401258440736768
1172522327935868928
1175953386073538561
1176850337015238666
1177244103676850176
1177947445566853120
1178415263806414849
1178744723403460615
1179516891892727813
1179952846067814401
1180574032258682880
1180884193045176321
1180953952012996608
1182096740490469376
1182801438440706048
1183162341849829376
1186398292944576513
1186879381118930944
1188184901465411584
1189012808605696001
1189755106050207744
1189998323370995712
1190235959452979200
1191309954025607175
1191560253818621952
1191575658285039616
1191721197429514240
1194080802050596864
1194332913313206273
1194385184554012673
1194445589804568578
1194713951327719424
1194903028614254592
1195006618674647041
1195512424318685184
1196568277058756608
1196914889962467329
1197207053422358528
1197648218907009029
1197966821229563904
1197992823074803712
1199749637256531968
1199756546978320384
1199762902166601728
1200197052908523520
1200932638535512064
1201574526347366405
1201699218588622848
1202318817419857920
1203420424647987201
1204543790121279488
1204864917695860738
1205392830874542080
1205884958037987329
1208176617601806336
1208423623234445312
1208476314383990784
1209996691245432833
1210395891615465472
1211424871474851840
1212656363618258944
1212774900374499328
1212804795624378369
1213836432621502464
1214099312323395584
1214591791422464000
1214954277644320770
1214984909439287297
1215469870453706752
1216397532391043072
1217142911248281602
1217488731306778625
1218036533153812481
1218159587037077504
1218180546444038156
1218652659579785216
1218742367756279809
1219118496006590464
1220745084003438592
1222195177881788417
1222589947657494530
1224735866855157762
1225460883633004544
1225580172167958528
1225652242922893318
1226990656926539776
1227082984873807873
1227116174812467200
1227456923827625984
1227783344282206209
1228003644097867777
1228597475541311493
1228778782661566464
1228897253739261952
1228969878607941633
1230614252039204864
1231010867753476101
1231836567620055045
1232380841701126144
1232532775456034817
1232711462709149698
1232716879233347584
1233070986397921280
1233562127614513152
1233960274836672512
1234164699245268993
1235396157955686401
1235659906646036481
1236155258939662337
1236581720020770816
1236889989213868034
1236982628856848390
1237094965773316096
1237395555522732033
1237515805639806977
1237561205549682688
1237591255988596739
1237797424602570752
1238113513278599169
1239982767795892224
1240118973955366912
1241571832278339585
1243927392088772608
1244734684761690113
1245552358999785472
1245591829690478593
1246130698328494081
1246138269299064836
1246233056458854400
1246500516256866304
1246905650438787072
1248112034626953217
1248804116203069441
1249128289584570369
1250066484426084353
1250630948095315968
1250812770347397120
1251236709632638976
1251253524601532416
1251900966770794498
1253161797105811456
1253167895644737536
1253392351399034880
1254540187335454720
1254570666512302080
1255479252960661506
1256041553086173187
1257344215748493312
1257504195554525185
1259185103768637440
1259296861606670336
1259318994688864257
1260046602372145152
1260690044848795648
1261051430426689536
1261390545429032961
1262104313263820800
1262357063008612353
1262532711660482560
1265204010803331072
1266289195284172805
1266525042239852545
1266749942816575489
1266762396581978113
1267639666309599232
1268281289024483329
1268374464871329792
1268459983860981781
1268540033365086211
1268717924803584004
1268991605928837123
1269098901069598727
1269309500080570373
1269478735117537280
1270062839760183296
1270530941941772288
1270752608005664777
1270978562607153152
1271101733016649738
1271196077580931072
1271485865508827136
1271894909340004359
1272223810318749696
1273234142386425857
1273589556651061248
1273839780707446784
1274433869694066689
1274456429324201984
1274471102572400641
1274881039094202368
1276250163502145536
1276299306107092992
1276306788401311744
1276309396901859328
1276715545551831041
1276961820729839616
1277745014945316866
1278056081235705856
1278399103374962688
1278404652032118784
1278733149724344322
1280266784440872960
1280367672946053121
1280575417234026496
1280940648128851968
1281016674687152130
1281051965636481025
1281488117594230784
1281709166076350465
1282207247313977345
1283408172783263744
1283816559358742529
1284679584164638720
1284953287356116992
1285655270132191235
1286315074261528577
1287528455412658176
1288706092105707520
1289212978877759490
1289688366250774529
1290065936456642560
1291739673317048322
1293641418410323968
1293761977744056320
1294503421182009347
1294866207422652417
1295668025534775296
1296688540684713985
1297272351747432448
1297568955918360583
1297669337197826048
1298295458394189825
1299313265869090816
1299563239517253635
1300507726804467713
1301373527195410433
1302267507424653312
1302777917814968320
1302785880919347201
1302830585270935553
1302881281701806080
1304245408214908928
1304537070963171334
1305164857482805248
1305276083202220033
1306251229060710400
1308193444263653376
1308193620906962946
1309175095638790146
1310672825318076416
1312418083433316352
1312455028859305984
1313618460409241602
1315437693749272577
1316807819312730114
1317232103872868352
1317575736493068304
1320766631174381577
1320962802035556354
1321053293200588800
1321203011142610945
1321213862276837380
1322344747344699394
1322376574054801408
1323359882293043201
1324571492693078016
1325663240777474048
1325993063454371840
1326037483923013633
1326203514461122560
1326229737551912960
1326866035853717504
1327024097251913729
1328220320617127936
1329889628065816584
1329891389430243330
1329943573937016832
1330014174253027328
1330235494509268996
1331452042464825346
1332172615511912448
1333843279423614976
1334337061302755331
1334855020223766528
1335035066137735169
1335058848487510018
1335398505490358277
1335661001862103042
1336189175331098631
1336458154373070849
1338015849286828033
1338635495698382848
1338868454359662593
1338939951287693312
1339006042798223362
1339206582664527872
1340044333274165249
1340228678588895232
1340583092147212288
1342689689128595458
1342957638666117127
1343245002126761985
1344102102751084544
1344132586591817728
1344715389960392707
1346206564487610368
1346681953852870656
1347051396688871424
1347570104649715714
1347702891931262976
1347757181924347904
1347765318509187075
1347989222146404358
1348730365909692417
1349439501987434497
1349565546090606593
1350228840790908929
1350560010179407873
1350947739618713611
1350979796545773570
1351039566476673025
1351316278590332928
1352783581773320193
1353172961470144512
1354488992054448128
1354606150763769861
1356105559787724806
1356380271507959808
1359415557376929792
1359627176396554241
1359792067262652418
1360013438286630913
1360310425930199040
1361026082862989315
1361352648763531266
1362228100147208193
1362557270459113477
1362637379886931968
1363787920650371074
1363988650619363328
1364569187654508552
1365328989741481986
1365802158277480449
1365807589276200960
1365879148472717316
1366245872128909312
1366662872554684417
1366673489843785731
1367341674158989315
1367635319432962048
1367895387114106880
1367971069118738434
1367992211351040001
1368044869030092802
1368498276241088524
1368571946221379584
1368933052278317061
1368964187729301511
1369500147378360324
1370056381537996802
1370106114939842562
1370819439847874567
1372067540273225733
1372632962559213569
1372790010760499200
1373296069161803780
1373479837910765574
1374490069126455298
1375269442045706245
1375471861614718980
1375583494848409603
1377459923274006528
1378460250479624192
1378584273062653953
1378813582306025472
1379766986134147073
1379977120844111872
1382451336516542464
1383823638344835079
1383908249808764939
1384866068322144268
1384894391152689158
1384975423931445248
1385654078668099588
1385692091439669248
1386004719856988168
1386145713541820431
1387082921664671746
1388235661019205638
1388525592786526211
1389985576242266112
1391051890885017605
1391604089956356096
1392221848721444866
1392732953524924420
1395207248998277122
1395513531269738496
1395873604244492293
1396128346191237122
1396469394998538249
1396549325082202118
1396854535700709377
1398416062576685060
1399810317719281666
1399855121597558784
1402389711717474306
1402405718901338114
1402456541408731137
1402461588997689345
1402831578766663681
1403131883790110722
1403239381868089348
1404124400639692803
1405297487489880064
1408587531398967296
1408904981894291456
1409617483930247180
1410440233875824640
1410774179192852484
1411229962011508743
1411896309313937408
1412206342991921153
1412401280430055428
1412419561459269640
1412574287878258690
1413346402525007876
1414654430327152640
1415175695135805440
1415550610158456839
1416527914917449728
1419835234313547790
1419874254397624325
1420200890502422529
1421092187861815304
1422743332648800257
1423380570038411266
1423745067756376065
1424554581313392641
1425179269831950336
1425538773333409795
1426329493019447296
1427384980389302272
1427394137331048449
1427423749662511107
1428488790209925135
1428999015895650304
1431330449092055045
1433175316789334016
1434923321590616067
1436492609057288192
1438196374609096704
1441843559770968065
1442505871330668545
1444068958122938370
1447076055030775809
1448326505533214725
1448808783711547396
1451738730675392522
1452145864495939585
1452708624325808134
1452883252692193289
1454329662788681730
1454892570484510730
1456018505413783554
1458245308198973442
1458425890149330956
1458870241891536923
1458961893561831425
1460019021722439685
1460055447206088705
1460276643398832142
1460465521057402882
1461848577349537795
1461873465045049348
1461899315673137155
1470452831148642305
1472918774118506506
1476213046708252678
1476675590526681088
1479915219556220931
1480712086841925638
1481346358040793090
1482537369823764481
1482939458672463873
1485050394845794304
1486246902161022980
1486554387690373126
1488274156856635392
1488726209416499202
1489302488289189890
1490503402131841027
1491294434104803328
1491873021157593097
1493778839750672384
1496887216185876481
1498893248584204289
1499032646189473797
1499989759355240450
1500790024643641347
1501707698877788163
1502385667954806784
1502419975771893762
1502750347097305089
1506412500182450177
1510719851119058945
1514372791142739971
1514916761862238210
1518684576335335424
1519158404069081092
1520813906163249152
1521823022386098177
1525116645093478400
1527330874588422159
1530937877433024512
1536114208990867456
1537045469028831232
